0 0.15985576923076922 0.38221153846153844 0.3713942307692308 0.38221153846153844 0.3713942307692308 0.5673076923076923 0.15985576923076922 0.5673076923076923
0 0.578125 0.38822115384615385 0.7896634615384616 0.38822115384615385 0.7896634615384616 0.5637019230769231 0.578125 0.5637019230769231
0 0.796875 0.2848557692307692 0.9170673076923077 0.2848557692307692 0.9170673076923077 0.46274038461538464 0.796875 0.46274038461538464
0 0.5432692307692307 0.22235576923076922 0.6153846153846154 0.22235576923076922 0.6153846153846154 0.3641826923076923 0.5432692307692307 0.3641826923076923
0 0.37740384615384615 0.21394230769230768 0.45913461538461536 0.21394230769230768 0.45913461538461536 0.3629807692307692 0.37740384615384615 0.3629807692307692
0 0.6153846153846154 0.12740384615384615 0.7644230769230769 0.12740384615384615 0.7644230769230769 0.2980769230769231 0.6153846153846154 0.2980769230769231
0 0.25961538461538464 0.11298076923076923 0.36778846153846156 0.11298076923076923 0.36778846153846156 0.2956730769230769 0.25961538461538464 0.2956730769230769
0 0 0 0.1466346153846154 0 0.1466346153846154 0.38221153846153844 0 0.38221153846153844
0 0.9254807692307693 0 0.9975961538461539 0 0.9975961538461539 0.3605769230769231 0.9254807692307693 0.3605769230769231
0 0.8629807692307693 0.6418269230769231 0.9591346153846154 0.6418269230769231 0.9591346153846154 0.9735576923076923 0.8629807692307693 0.9735576923076923
0 0.5324519230769231 0.7836538461538461 0.6935096153846154 0.7836538461538461 0.6935096153846154 0.8461538461538461 0.5324519230769231 0.8461538461538461
0 0 0.5901442307692307 0.05048076923076923 0.5901442307692307 0.05048076923076923 0.984375 0 0.984375
0 0.2127403846153846 0.6923076923076923 0.38100961538461536 0.6923076923076923 0.38100961538461536 0.84375 0.2127403846153846 0.84375
0 0.35216346153846156 0.6021634615384616 0.4338942307692308 0.6021634615384616 0.4338942307692308 0.7487980769230769 0.35216346153846156 0.7487980769230769
0 0.5180288461538461 0.5961538461538461 0.5925480769230769 0.5961538461538461 0.5925480769230769 0.75 0.5180288461538461 0.75
0 0.05889423076923077 0.5528846153846154 0.15264423076923078 0.5528846153846154 0.15264423076923078 0.6490384615384616 0.05889423076923077 0.6490384615384616
0 0.7788461538461539 0.5036057692307693 0.8846153846153846 0.5036057692307693 0.8846153846153846 0.6766826923076923 0.7788461538461539 0.6766826923076923
0 0.4110576923076923 0 0.5625 0 0.5625 0.9879807692307693 0.4110576923076923 0.9879807692307693