0 0.1971153846153846 0.46033653846153844 0.4110576923076923 0.46033653846153844 0.4110576923076923 0.6502403846153846 0.1971153846153846 0.6502403846153846
0 0.609375 0.45072115384615385 0.8209134615384616 0.45072115384615385 0.8209134615384616 0.6310096153846154 0.609375 0.6310096153846154
0 0.8293269230769231 0.546875 0.9519230769230769 0.546875 0.9519230769230769 0.7295673076923077 0.8293269230769231 0.7295673076923077
0 0.5817307692307693 0.6514423076923077 0.6538461538461539 0.6514423076923077 0.6538461538461539 0.7956730769230769 0.5817307692307693 0.7956730769230769
0 0.4170673076923077 0.6586538461538461 0.4987980769230769 0.6586538461538461 0.4987980769230769 0.8100961538461539 0.4170673076923077 0.8100961538461539
0 0.6526442307692307 0.7139423076923077 0.8040865384615384 0.7139423076923077 0.8040865384615384 0.8894230769230769 0.6526442307692307 0.8894230769230769
0 0.30288461538461536 0.7271634615384616 0.41346153846153844 0.7271634615384616 0.41346153846153844 0.9146634615384616 0.30288461538461536 0.9146634615384616
0 0.037259615384615384 0.6466346153846154 0.19831730769230768 0.6466346153846154 0.19831730769230768 1 0.037259615384615384 1
0 0.9567307692307693 0.6466346153846154 1 0.6466346153846154 1 1 0.9567307692307693 1
0 0.8798076923076923 0.03125 0.9855769230769231 0.03125 0.9855769230769231 0.3701923076923077 0.8798076923076923 0.3701923076923077
0 0.5600961538461539 0.17307692307692307 0.71875 0.17307692307692307 0.71875 0.2403846153846154 0.5600961538461539 0.2403846153846154
0 0.007211538461538462 0.030048076923076924 0.0889423076923077 0.030048076923076924 0.0889423076923077 0.44591346153846156 0.007211538461538462 0.44591346153846156
0 0.2439903846153846 0.18389423076923078 0.41225961538461536 0.18389423076923078 0.41225961538461536 0.3401442307692308 0.2439903846153846 0.3401442307692308
0 0.38341346153846156 0.27884615384615385 0.4651442307692308 0.27884615384615385 0.4651442307692308 0.4254807692307692 0.38341346153846156 0.4254807692307692
0 0.5456730769230769 0.27163461538461536 0.6225961538461539 0.27163461538461536 0.6225961538461539 0.4254807692307692 0.5456730769230769 0.4254807692307692
0 0.09375 0.38461538461538464 0.18990384615384615 0.38461538461538464 0.18990384615384615 0.4807692307692308 0.09375 0.4807692307692308
0 0.8052884615384616 0.3329326923076923 0.9134615384615384 0.3329326923076923 0.9134615384615384 0.5108173076923077 0.8052884615384616 0.5108173076923077
0 0.43509615384615385 0.014423076923076924 0.6081730769230769 0.014423076923076924 0.6081730769230769 1 0.43509615384615385 1