0 0.6141826923076923 0.44591346153846156 0.8161057692307693 0.44591346153846156 0.8161057692307693 0.6237980769230769 0.6141826923076923 0.6237980769230769
0 0.20432692307692307 0.45552884615384615 0.40625 0.45552884615384615 0.40625 0.6237980769230769 0.20432692307692307 0.6237980769230769
0 0.0889423076923077 0.5564903846153846 0.20192307692307693 0.5564903846153846 0.20192307692307693 0.7295673076923077 0.0889423076923077 0.7295673076923077
0 0.39302884615384615 0.6454326923076923 0.4579326923076923 0.6454326923076923 0.4579326923076923 0.7848557692307693 0.39302884615384615 0.7848557692307693
0 0.5480769230769231 0.6454326923076923 0.6225961538461539 0.6454326923076923 0.6225961538461539 0.7920673076923077 0.5480769230769231 0.7920673076923077
0 0.25240384615384615 0.7127403846153846 0.3942307692307692 0.7127403846153846 0.3942307692307692 0.8786057692307693 0.25240384615384615 0.8786057692307693
0 0.6418269230769231 0.7079326923076923 0.7427884615384616 0.7079326923076923 0.7427884615384616 0.8882211538461539 0.6418269230769231 0.8882211538461539
0 0.8617788461538461 0.6177884615384616 0.9963942307692307 0.6177884615384616 0.9963942307692307 1 0.8617788461538461 1
0 0.030048076923076924 0.6538461538461539 0.09254807692307693 0.6538461538461539 0.09254807692307693 1 0.030048076923076924 1
0 0.008413461538461538 0.014423076923076924 0.09735576923076923 0.014423076923076924 0.09735576923076923 0.38221153846153844 0.008413461538461538 0.38221153846153844
0 0.265625 0.17668269230769232 0.421875 0.17668269230769232 0.421875 0.23918269230769232 0.265625 0.23918269230769232
0 0.9014423076923077 0.020432692307692308 0.9639423076923077 0.020432692307692308 0.9639423076923077 0.4170673076923077 0.9014423076923077 0.4170673076923077
0 0.5793269230769231 0.171875 0.7379807692307693 0.171875 0.7379807692307693 0.32091346153846156 0.5793269230769231 0.32091346153846156
0 0.5372596153846154 0.2692307692307692 0.609375 0.2692307692307692 0.609375 0.4110576923076923 0.5372596153846154 0.4110576923076923
0 0.3798076923076923 0.26802884615384615 0.4495192307692308 0.26802884615384615 0.4495192307692308 0.41947115384615385 0.3798076923076923 0.41947115384615385
0 0.8173076923076923 0.359375 0.90625 0.359375 0.90625 0.453125 0.8173076923076923 0.453125
0 0.10096153846153846 0.34375 0.20192307692307693 0.34375 0.20192307692307693 0.5144230769230769 0.10096153846153846 0.5144230769230769
0 0.4326923076923077 0.009615384615384616 0.5600961538461539 0.009615384615384616 0.5600961538461539 1 0.4326923076923077 1